5 1 2 3 4 6 7 8 9
3 4 6 7 8 9 5 1 2
7 8 9 5 1 2 3 4 6
1 2 3 4 6 7 8 9 5
4 6 7 8 9 5 1 2 3
8 9 5 1 2 3 4 6 7
2 3 4 6 7 8 9 5 1
6 7 8 9 5 1 2 3 4
9 5 1 2 3 4 6 7 8

5 1 2 3 4 6 7 8 9
3 4 6 7 8 9 5 1 2
7 8 9 5 1 2 3 4 6
1 2 3 4 6 7 8 9 5
4 6 7 8 9 5 1 2 3
8 9 5 1 2 3 4 6 7
2 3 4 6 7 8 9 5 1
9 5 1 2 3 4 6 7 8
6 7 8 9 5 1 2 3 4

5 1 2 3 7 6 4 8 9
3 7 6 4 8 9 5 1 2
4 8 9 5 1 2 3 7 6
8 9 5 1 2 3 7 6 4
7 6 4 8 9 5 1 2 3
1 2 3 7 6 4 8 9 5
2 3 7 6 4 8 9 5 1
9 5 1 2 3 7 6 4 8
6 4 8 9 5 1 2 3 7

5 1 2 3 7 6 4 8 9
3 7 6 4 8 9 5 1 2
4 8 9 5 1 2 3 7 6
8 9 5 1 2 3 7 6 4
7 6 4 8 9 5 1 2 3
1 2 3 7 6 4 8 9 5
6 4 8 9 5 1 2 3 7
2 3 7 6 4 8 9 5 1
9 5 1 2 3 7 6 4 8

